-1308.4325869655815
-1309.6566869577102
-1309.7729238389654
-1311.3346506178686
-1312.557648228817
-1306.3920443554134
-1308.2582467746115
-1308.3789492863662
-1304.739688424368
-1302.6144247402003
-1300.6467520356919
-1299.6219940993508
-1298.2025021680558
-1295.5906200580864
-1294.9857275293266
-1292.9926431455417
-1289.5289477516476
-1288.9378521048563
-1290.7721136452315
-1290.1743680886586
-1287.0656424353112
-1286.2601585604714
-1284.2309783866333
-1280.2385804700925
-1280.288956991126
-1280.0606163298482
-1279.3536854609663
-1279.4028615821996
-1277.3873780513613
-1278.7119934624166
-1283.4778203623068
-1285.0970030712067
-1283.6138773310295
-1283.9368330430375
-1288.3700223996993
-1288.4215638628716
-1290.7856471463776
-1294.8030459320541
-1292.9897169392652
-1292.9420653560724
-1291.3050770969896
-1290.1298268053447
-1293.197370239659
-1294.2297655166308
-1294.0261285848358
-1292.2546376220191
-1291.6519021329887
-1291.1166846297142
-1290.7402564825063
-1290.7129167092892
-1291.6986728401885
-1286.8740572406866
-1288.2808861374517
-1286.8137360723945
-1287.0777922203074
-1287.4883154115603
-1289.0299368461674
-1289.497515903264
-1290.2055773711907
-1289.864618324956
-1293.1725019770204
-1297.4474906844016
-1297.4475705952927
-1296.3375269435423
-1297.108563012901
-1297.8118822180911
-1296.440013459949
-1297.1573364285468
-1298.6968537908483
-1298.8605091960685
-1297.877631161901
-1298.287866655088
-1296.999840354252
-1298.328771620693
-1295.6334369125318
-1295.7184288646195
-1292.5639550460755
-1292.3881828471917
-1294.3334388333935
-1294.5150257622522
-1297.3515538851543
-1296.6234459288337
-1294.019665541999
-1294.2785233195398
-1296.9199064397155
-1297.0333230585793
-1299.5685007758466
-1300.3757107141612
-1300.2923466024656
-1297.2388690378907
-1300.807829237917
-1303.235658559339
-1301.213738510345
-1303.1981809690726
-1303.5698452382
-1305.1835588677616
-1307.9318583272925
-1310.9392147387312
-1310.2974171251078
-1310.4844741622346
-1311.0938583567147
-1313.521475511292
-1314.1754463734385
-1315.649104463784
-1316.4728449606157
-1318.933574837895
-1320.857309829635
-1321.889301592059
-1323.8194358184355
-1324.4807116814382
-1323.184223992418
-1323.6428838286904
-1319.2025705057179
-1317.7556857994693
-1315.5984883021627
-1314.1634830950934
-1315.816867407145
-1314.0285279716577
-1313.8761389852853
-1311.7961445357348
-1312.0447741993964
-1313.6899073573222
-1315.1858402012576
-1317.2766899057167
-1315.9044573517156
-1316.028340986751
-1313.156955983112
-1313.2595019443331
-1314.8771197350302
-1316.1018881225611
-1312.1471206616898
-1310.836585832048
-1307.8608449673538
-1305.8003014958194
-1299.3852216572573
-1299.2058199455691
-1298.7403901390512
-1294.0870706399303
-1293.433509513321
-1293.471624257449
-1291.2449022137614
-1288.26847426692
-1285.74512456829
-1285.271403755411
-1281.0408195838559
-1280.5215964208896
-1283.923240115966
-1281.0912208899808
-1278.5483893279293
-1279.0792694861339
-1275.5697668235825
-1274.9171529924865
-1272.07955279978
-1272.0090276629544
-1268.859919944414
-1267.6058171139932
-1263.9086016747985
-1262.776765248326
-1261.1058449854152
-1260.2374509294737
-1256.5743222495014
-1253.2119798372137
-1254.7909320102572
-1255.671705256458
-1255.0261912210915
-1255.7789455302957
-1256.4212858147214
-1258.8975668285473
-1258.377482202281
-1258.1944018914169
-1257.7280270381902
-1254.0302667985786
-1253.4670934826477
-1252.044032145097
-1252.8074262128898
-1252.2364234329036
-1253.8500811044125
-1252.5952302276842
-1250.4471032461379
-1247.7093805076165
-1243.6707147674483
-1243.1438959195452
-1245.727757023515
-1240.9160979878504
-1237.072308801797
-1237.1255482877305
-1231.1665257057002
-1226.2641514033653
-1226.694151988193
-1224.296925606725
-1219.9193784588708
-1215.4807306437253
-1217.923984205945
-1216.4131789137643
-1216.0320590204165
-1211.8454231493693
-1209.461376862675
-1206.3699723559869
-1206.9870558175492
-1203.1312370506982
-1199.9109343592363
-1196.4412359311602
-1194.0759940454532
-1191.8416567926186
-1190.5540463498185
-1185.9555226791606
-1183.0135781925956
-1180.9093998368312
-1178.2028871603095
-1177.7189754863618
-1176.6464015926485
-1174.3440382770534
-1177.1119664925923
-1177.3146173622188
-1177.0818096950527
-1175.00874574744
-1173.2976693338687
-1175.7885863202835
-1174.282804124215
-1174.9277676168956
-1175.5459495220023
-1175.1809681366394
-1174.9616838648358
-1173.5204597713532
-1173.1702165173201
-1169.1366887772674
-1170.5187595670077
-1167.8737112780398
-1166.9017788170243
-1165.6785300061106
-1165.736149483354
-1164.537925478887
-1162.4909290794776
-1162.5451578006353
-1162.4221323745408
-1159.7489357075322
-1156.5483506647317
-1156.7605472748953
-1157.3925606267787
-1154.1412331004883
-1155.4369916581595
-1156.7034484914086
-1158.0510446604267
-1155.496449034955
-1157.226186911241
-1157.4119444796154
-1154.964835691897
-1157.6396385528722
-1157.17878473654
-1153.6708857195306
-1153.8182659285603
-1154.6039466600798
-1154.6456320693887
-1154.9152964667585
-1155.100096605923
-1154.356535723984
-1153.6930784047543
-1151.9279072023287
-1150.9503532708086
-1150.5513798588688
-1150.5874727026085
-1149.2788738347915
-1144.9771517719767
-1140.2648034963124
-1138.5967121483345
-1136.5120792104253
-1135.3215052290839
-1129.865830600936
-1128.360399716464
-1126.5966029943336
-1122.6257490624398
-1123.5281546370227
-1122.6537325070565
-1120.6867436479379
-1118.151573171296
-1118.2242849720967
-1116.8068268416994
-1114.76702744689
-1110.2868053286336
-1109.584118485635
-1110.0137766456846
-1107.7956396626364
-1106.4487351922287
-1107.7645050604228
-1107.9898955082163
-1106.5230746804225
-1108.2796505825174
-1108.3103847518312
-1105.8778026366515
-1106.9726014224404
-1106.2201614295911
-1107.8644356608454
-1106.7572362083415
-1105.3367714952258
-1103.3167212222834
-1102.1615964074097
-1101.4358374949973
-1102.3527605705913
-1102.479834860743
-1104.106982173176
-1104.49742257287
-1105.554036133492
-1105.5310809551709
-1103.2805207863669
-1101.3194109763792
-1103.6801408278666
-1103.4410832715826
-1103.0025558246334
-1102.364953703979
-1102.0736225179307
-1103.4923627789185
-1103.3099576416855
-1103.2000305193333
-1100.9232486228095
-1101.5519018434445
-1099.708483178156
-1096.823582823211
-1094.836155701181
-1093.1902859891738
-1094.25521543428
-1094.2891088547763
-1092.067769835509
-1090.2120927349347
-1090.075311573856
-1087.459435453507
-1089.2059099431974
-1087.0658342229467
-1087.4630281546858
-1085.3006459157855
-1083.9090616814474
-1082.1302138976157
-1079.827580190779
-1079.0773189085594
-1076.3606490637912
-1076.3127457714352
-1075.7793360303126
-1075.2238221441899
-1074.9850040559113
-1072.438311349972
-1073.5978349707186
-1071.5127772120547
-1070.2719738059814
-1069.1239647828004
-1069.596635273419
-1070.077371366379
-1068.7703455280118
-1064.726995895131
-1067.4227220189143
-1070.1634529028556
-1073.7344192984156
-1075.9449374510805
-1076.7532650891453
-1074.2529653955323
-1073.0909787109517
-1074.3024334222412
-1072.2433152460296
-1072.454443042857
-1071.398126794956
-1068.8157847811424
-1068.1633848682864
-1068.076995447721
-1068.2807594138792
-1068.6611909009052
-1069.3703425665417
-1065.6618976460957
-1065.150931119685
-1062.9384611007733
-1065.5426399158218
-1062.1464238528347
-1062.138622578135
-1062.6751184263048
-1061.8746936375394
-1060.957284518293
-1062.31422398403
-1061.6572684450243
-1058.2579141387714
-1058.7116939409716
-1058.0077682271935
-1058.2889292102843
-1059.5970345534756
-1058.4942926080828
-1058.767063600485
-1056.0355214746016
-1055.6016351951941
-1054.2833305988515
-1052.9035500628788
-1051.8975019983714
-1051.4384028819845
-1050.1849826476073
-1048.9967696222648
-1048.9012710991508
-1046.8230664454175
-1043.6260867726735
-1041.5111530213237
-1038.87606463189
-1037.175809304798
-1033.9235910010473
-1032.766206004561
-1028.0404504126516
-1026.1598778238501
-1023.074667632682
-1019.2056477962016
-1017.9001137039163
-1015.070935141425
-1014.034707745424
-1012.1596976948188
-1011.092067747609
-1009.2766308479122
-1007.718643225273
-1007.1870942488588
-1003.2496454656402
-1001.9063476130522
-998.9038573920993
-999.362292265114
-995.0489196973659
-995.7701750182737
-995.1027248477635
-992.5601903653452
-991.0248961345391
-989.6387649660417
-985.4408876185768
-983.9783374656746
-983.4953406892826
-982.103360250307
-981.3791052349738
-979.0966473849927
-979.3723704155706
-979.6952791907653
-979.4794449542854
-978.0460515176339
-975.5531626568333
-971.6588913812817
-970.6386157805186
-967.4469679191727
-965.8807164455574
-964.160710651075
-960.9551662149788
-958.1687476249979
-954.249945290517
-951.4024541056231
-950.3845771052962
-947.5375645792599
-944.7735045236333
-942.2290511022236
-938.1501108530834
-935.3820780472453
-935.0168580794011
-931.1090599772875
-925.66932197614
-921.0846479883968
-916.8623688024328
-914.4606904608409
-914.2545792746664
-912.589137165438
-908.3642800197313
-908.9327909761721
-906.3737463619572
-905.9025975933326
-904.4052059421489
-901.3697054715205
-897.3711048373062
-893.2392024357115
-889.7833785650319
-886.6864419350236
-887.4053839690745
-883.8885100424475
-881.5653640130033
-877.5817879122462
-879.7648480672011
-877.1213049858775
-875.1753375345173
-872.764140896195
-872.5936539544975
-874.0203186874376
-877.3615048818906
-880.955134334805
-882.9963086678829
-883.1435233617938
-885.2287124201904
-879.66892938799
-878.8637718667622
-878.2211591380228
-878.9746946952043
-877.4814953263725
-875.7849482706467
-874.3745177825999
-871.7476545827296
-869.7156762958037
-869.0195506248546
-868.966256170529
-868.9512723803999
-868.9373207190504
-865.2809346416451
-863.789589980338
-862.388069392488
-863.7797408008358
-864.8217871411795
-866.6224377972109
-872.1323847176878
-876.6051116686098
-878.8050440888417
-882.8050700949018
-880.3174386212627
-879.2380313729446
-879.1392466788652
-878.0964733011001
-875.9795321112717
-872.6729400267457
-872.8945215065085
-870.7992777367728
-871.4889360857456
-867.9820530243499
-869.362037370068
-866.1114924156832
-862.5194511791107
-861.0952756758838
-861.9594741405731
-859.8774925864751
-860.2058901212833
-857.82904292206
-857.325807348716
-855.7957086066473
-855.875536177426
-859.0326243191089
-863.6987356025608
-868.1594437068167
-869.6638067334405
-867.1439923718758
-862.3224660282431
-861.5531986651002
-860.2856621639058
-864.8872634686851
-866.0790679822176
-866.498717811861
-867.7834224189048
-869.3876841944983
-868.1177425517577
-867.0190062311024
-868.4857553273548
-871.1725919954707
-868.5525458628107
-871.1654739891264
-870.3789734857792
-872.7577473953319
-871.7383812968973
-870.8286046438836
-871.0191652045067
-867.3193474076287
-868.6047394524975
-865.5237218785342
-864.3848040668067
-864.9034878700982
-862.2815648033285
-859.3777555104865
-859.3217175743873
-858.7847345750347
-862.5966099612717
-866.21825700955
-873.790285323152
-878.2766958061526
-881.4262507078743
-883.779653163022
-882.3041698536413
-884.5975701518984
-882.3246139661247
-884.0282198180123
-884.8725606526797
-885.9530624280201
-884.6116961511424
-882.0443636104044
-881.4570890029884
-879.9354927999647
-873.4680205758299
-866.9292900660744
-861.5215114214354
-856.6500763763032
-850.5093310470764
-850.4340352155467
-847.9504092294378
-847.0460593571642
-844.9316471084747
-842.6824698191596
-841.6706648089468
-840.4754413873011
-841.8869711972885
-841.9369240872712
-845.4369878230187
-848.0821934811178
-849.6722478124398
-848.3552100560539
-845.3109609190382
-842.123353358326
-845.6207931038392
-845.6760103442925
-846.714509605003
-846.6239349234918
-846.1842294159075
-840.7105925444675
-832.6657637255789
-828.100655824363
-822.9613169758929
-817.7433943167779
-816.8744818170093
-818.1808995844008
-814.35151143814
-812.0965158878046
-807.6790153827872
-807.3802236170172
-805.2710307261551
-802.5653778656249
-801.3713095822955
-801.474145089303
-796.4293949488532
-796.3033512919204
-798.9096119366732
-798.147833509833
-796.6763748723075
-795.000848185733
-793.5958349549205
-792.0607684559495
-791.104167721719
-789.9290922319066
-786.7750727681937
-777.6513268858937
-772.2218129729227
-764.0352583850499
-760.256313301612
-756.5355411906869
-756.4428949877213
-755.6811257275986
-754.4490482242497
-749.790933210072
-746.0077550869354
-743.1964428404037
-739.6570813493536
-738.2948724879067
-740.6892941712321
-739.2798413691397
-739.2999253874626
-731.9404707612204
-733.0283239397883
-730.4050824401747
-728.969032804625
-724.7650234869833
-725.9854472771304
-725.712381339366
-723.3753663783887
-725.56488451542
-720.6951008957273
-721.866829157306
-715.834797150355
-713.8814366789105
-713.4299389662905
-711.0553405477226
-709.8384001326123
-706.0617887981638
-700.0272171481586
-693.0450990833442
-685.812947083886
-676.5131248800128
-670.9638758130308
-671.0426653623151
-672.1302514507069
-668.7185760106912
-667.3955825970351
-663.7769005248771
-663.8292055836074
-661.5229152962878
-660.3597109309952
-661.9039083372116
-661.2889204113593
-661.6343328705738
-663.9361896364509
-664.247950382696
-660.3094003809862
-657.5416585638133
-658.4560322975416
-658.763655819337
-655.2566570572194
-654.8471117219972
-654.7763175815139
-655.0163885578585
-650.0791350673326
-646.3411413913045
-643.823857905217
-641.1144406400115
-637.6465553833588
-632.5385136077124
-627.7650767024388
-626.6503630357323
-624.0005321049476
-622.5459229840612
-618.8247074912489
-616.3738275735755
-614.3256565049851
-609.4649787406478
-607.0297426282744
-605.7983588302319
-608.0941610308369
-605.6115155458286
-609.4365242050033
-608.4059085619283
-606.9018768008293
-604.2126559245
-608.1568571963228
-604.4523396990649
-609.1058433080768
-608.0395288329793
-607.9515349188943
-607.573611687113
-602.8884000702343
-602.7611377247151
-605.2512541695124
-605.2830897400678
-605.9509720364746
-600.7711472543408
-598.1603534140175
-597.4852299536307
-597.9743588866863
-598.0385877593959
-597.9951763036387
-595.5221565842236
-594.900661698162
-593.513297743973
-589.2591669416108
-586.6324358581984
-580.3816557077892
-581.8039470322769
-580.4284972186127
-578.9410579344618
-578.2702347530782
-577.2180021580156
-578.6424376063663
-579.8403756555203
-580.8967454446137
-577.3538212514419
-576.219040990353
-575.0040430588314
-572.377910057887
-572.0519700354804
-569.8881444965244
-563.7638214051553
-563.7348479355338
-565.3253294702961
-562.8352870250984
-562.7273837798255
-564.8919318250029
-561.0613915251394
-561.3777818828197
-559.7335575157226
-561.3783241970948
-558.8803402839347
-557.9947921992123
-560.6910266207104
-562.8216113462385
-561.5248360767067
-562.2532998762572
-564.992951453039
-563.5507048023037
-563.4435608254256
-564.8063293808038
-558.5033972744195
-556.1355766569919
-553.5957428014522
-553.7237636168412
-554.300013540585
-554.0551562043192
-553.9686721613199
-553.5567103432356
-552.0761116790164
-551.5220514681686
-549.9080319135411
-550.8403433391794
-550.4399290160609
-549.3650765190691
-550.6724502281295
-549.1985096800697
-546.7837299289266
-546.7470826995572
-546.9970593687725
-544.1236994934137
-542.6021278690873
-543.7819612754919
-543.9797269126851
-545.4232669173858
-543.0184983119012
-542.0448703024219
-545.6338199258814
-546.7329268991459
-546.8580411591246
-549.1394864589921
-549.130655089992
-547.417769320456
-548.6174914339845
-547.2375739788275
-545.9796307616857
-545.9820138246092
-550.0004037166757
-548.7818543548725
-550.563919802588
-550.3935448390027
-548.9716575928634
-547.9110329175383
-549.0074082274901
-544.8335895647986
-544.4155481022526
-543.3961362055198
-547.5613167711774
-542.5392040811261
-541.427356845125
-542.869510198312
-543.1159100386831
-539.5273002965841
-539.6594271362563
-541.7192792041121
-550.477787520678
-551.8056252476667
-551.1923045878821
-548.125391926336
-548.1120685089163
-548.0620862406585
-549.3753373293323
-547.4743233652416
-552.5674497325905
-552.9274518091228
-559.4987115897974
-564.4617859555974
-564.5202662039941
-564.6465902793713
-566.1890850162108
-563.1628016683422
-561.8625510314342
-558.8302268073032
-558.9382113290739
-556.2663882719196
-557.4223192853942
-558.326840238184
-559.7248037976791
-559.7368780448274
-562.4537061211028
-559.9861460863754
-566.1333346127092
-565.1260050083625
-563.4942726682222
-564.834014950216
-562.6013262130124
-559.057189646603
-560.2178935590878
-558.7761934958077
-558.2646864323611
-560.2169814438009
-562.4196142502882
-561.2387393288707
-558.7318587024079
-556.877393374861
-558.1491659874
-554.5030834861541
-549.1714717199884
-545.1019362330793
-548.6583605248379
-546.2666456598715
-549.0021502846407
-552.9778423957449
-559.1450815940213
-557.891737704673
-556.9458633196664
-554.6809468659791
-557.177209685189
-555.1280606125426
-553.874947000076
-555.8927291049571
-555.8979527339807
-555.1447956060706
-554.1568426265294
-555.5236051977564
-556.8924601147305
-557.9909730930747
-557.8692910076408
-559.2331175643625
-558.0028797992425
-560.8917867420713
-561.17432904078
-562.5302740539847
-565.1868491326816
-563.4932603363449
-567.1244715482072
-564.6059288649432
-565.1690254131005
-561.7012386366824
-562.6253301801378
-562.3775533881933
-562.4809751490961
-564.4572193298343
-562.0930652905871
-563.4481970832857
-568.3492339097879
-567.347064205634
-563.3440892778995
-559.7438886073329
-558.8378733420849
-554.0586990414575
-552.657929951345
-553.6523887948977
-553.7584621113299
-555.0829511843435
-556.8657955700227
-553.2147693447206
-549.1986714273885
-554.0111532636643
-556.7082022468121
-558.8785512631504
-558.4548043177205
-562.849636656024
-561.6555538218508
-556.4301298166351
-549.0182734657598
-548.8528138088164
-551.5598032401343
-551.5239392960308
-551.8493912481459
-551.6417348845588
-553.6895922997743
-556.7940451747758
-554.3677155787773
-558.2815123306877
-553.0134777071764
-556.4050499475946
-556.2520537648069
-556.3639871552931
-556.3976638950336
-561.507908104399
-563.2722394555169
-563.8353896368907
-563.8157450023645
-566.6675718355449
-564.09709427448
-561.9554324922724
-560.6727618903257
-561.8603977240263
-560.631105083341
-565.6194142990026
-563.2821385259462
-562.8808696705877
-564.3611691593289
-563.8792144712382
-564.8642505324277
-566.1274610392409
-563.5415086455339
-566.8288464381037
-562.8522389088354
-562.9185443720067
-560.6572942234869
-561.8276239173734
-563.0624898118934
-561.6574588892546
-561.3966593602673
-563.8104695109481
-563.988929977528
-567.1568521634115
-564.62619824532
-562.0731208729394
-560.5479704696819
-555.4701946314657
-549.4234340729266
-550.6941543534429
-549.4018987660118
-547.0009731105232
-543.8419921519253
-543.6606889715597
-543.3581799402692
-540.7834402244033
-540.6377970376334
-539.1952278685577
-537.8524115760742
-537.8382523972477
-533.8899991044588
-533.7977837542679
-527.7844586895739
-525.1520773466558
-522.521395407333
-516.4379584421898
-514.0579547757418
-512.8264888783145
-508.85005464701294
-504.05146211908345
-498.010990850812
-499.16838216399344
-493.6652730668024
-493.4964525869798
-489.6143087252044
-487.09909671798107
-482.012201090995
-480.49945150923594
-477.9766481573435
-473.0036407429409
-470.70617856763084
-466.71427028260064
-464.0499712364778
-465.1770116466993
-461.94208058192174
-460.4409914629739
-464.0050171556523
-462.8209986983609
-460.4012287080536
-458.1525901793782
-460.7153572106293
-459.5564913722803
-457.0236579479364
-455.7543729631712
-455.4053017536422
-450.4044945063544
-447.0318570815823
-441.503975471205
-440.07377431215224
-439.832455512433
-439.7422330324566
-436.0574733274382
-429.7886231886189
-429.3535082778761
-428.0619902133425
-424.6915652301695
-424.0752311598088
-417.2580811658083
-413.36899733803455
-408.0787617454387
-405.51077297275043
-397.1315465118899
-397.81052597497234
-396.36302196601537
-396.0361744602396
-392.2848171559883
-388.02378044067626
-387.8803269237747
-383.93755701386056
-378.78650056764496
-378.920549089306
-378.16509579125324
-374.3972266984358
-369.43770734881053
-364.5318921587287
-363.2956319020657
-360.4495831283023
-356.78905216283124
-352.82015443029377
-349.2543285048385
-350.7676357252557
-348.0929643438685
-346.89679894271336
-343.2430997074458
-341.94414658754295
-339.26307644753723
-338.1580963596178
-334.48882505511364
-329.360146728398
-325.5195204507545
-324.5221132761888
-320.8131543781127
-320.90369628459285
-319.35050938807694
-318.3170730319112
-321.90957842399257
-320.72000741667273
-319.2083127727354
-319.6660136524834
-315.9279306492966
-313.4110632730046
-313.2029561938171
-308.9461474339518
-306.6331453582783
-305.2772706604382
-302.69332149313766
-300.21702676533477
-298.6339942151142
-296.13707437752663
-294.77514846457774
-293.5036859532877
-289.9686793333537
-291.19282180576204
-288.7897543047477
-291.36298235760046
-292.68507668890385
-297.86088873852134
-295.1889114057626
-296.3717094715768
-297.5980406460331
-296.35046586795056
-293.7647653418152
-292.57036446543987
-290.2689922805757
-288.01864836371595
-288.19571662836074
-292.02706077507344
-288.5347878433871
-293.394696319692
-295.8243599648429
-291.984004044768
-296.96299167577246
-295.92410865128016
-293.8258899449581
-291.37030792074444
-290.2949841331481
-284.4001930286979
-286.5211506226679
-284.0109228225415
-282.6845151038303
-285.0794181287774
-284.7495414065631
-284.13662828141327
-280.5725685234439
-276.92656781756426
-278.19157279986547
-278.087651206297
-279.3084058123429
-276.8532833839139
-274.4740805390421
-276.96816054930053
-277.0105836322636
-278.1966310624033
-274.8915138430976
-272.29699162339466
-272.20083764537594
-266.94803245474236
-269.41564357773126
-271.796068515441
-273.003553828666
-272.9960952497697
-275.5013585847193
-273.6455326665468
-272.54882897041864
-267.8479018544725
-265.31144391710586
-267.6839719758201
-265.35266586501876
-268.00427763732097
-269.3642151702041
-265.6840687028565
-262.78187206226414
-266.49468846647096
-266.56082511642825
-270.3260136270435
-266.49646124468103
-266.66974619511353
-266.70619596426445
-266.7948103508561
-264.5082917119225
-259.90048187677365
-260.0170292296521
-258.95092881647395
-257.95340217686544
-261.72044750432565
-260.63571358572625
-260.58858117489484
-259.42184954706494
-259.5151997985562
-263.28382954198145
-266.0054840216536
-267.3242141174865
-268.49490657629804
-267.24329765982344
-265.8949106315983
-262.1966830504907
-264.6550868435309
-264.8056588348174
-263.005509510841
-265.54850218372934
-265.54180845316694
-266.9213102605639
-265.78284243948247
-265.76028564087005
-264.92608400101955
-268.68984355188326
-268.7719121504551
-269.255524944439
-274.23291013439353
-274.2309076532547
-274.2639023639242
-277.08224790410566
-279.5292764897422
-284.362316725599
-280.5960036248058
-280.8115240620789
-276.78590639744203
-278.23488730750637
-275.8780909580703
-277.04204274685077
-278.2447913349446
-279.59481033293616
-278.3229193046219
-278.29955135239726
-278.3530876236265
-275.8813150795123
-276.83951496731146
-279.1797359384355
-277.11574295740513
-274.5892033619788
-275.9386860763833
-269.8361773941131
-272.2449591764805
-273.1914591788011
-275.7418856308507
-277.1172008463003
-277.1570363397712
-275.18803490585765
-277.48161939707603
-277.2676180895633
-272.04049544001714
-272.3082717923138
-272.9366054970927
-271.66910140864036
-273.0666522183911
-275.82654395537224
-274.6659286391362
-275.7623059537231
-275.7510302485372
-279.6100334656131
-275.88686285947256
-274.7001678213585
-273.51951625089544
-276.00285628108816
-277.2473484773251
-278.267489752164
-279.54656279224645
-279.3761011317829
-279.331028646719
-275.79569735796065
-277.06291765705237
-275.85887599442185
-274.5700345969583
-274.5708409909628
-274.4670865095301
-276.5566858034212
-274.0816203301669
-272.715878995284
-271.58602618913795
-271.64334131193823
-274.00173615558
-276.03901184608566
-272.3677226719004
-273.3920596895563
-271.9604008491626
-273.32463087250164
-273.4442898903944
-274.69075842917863
-273.38394513604715
-275.7263307843245
-275.2095138875526
-275.32273759781873
-275.239120811517
-277.53885188044654
-280.26816533754345
-285.2047788352393
-285.178618573256
-291.2403115947956
-292.5128004141133
-288.7936526511503
-284.62522492355737
-285.0523946404299
-283.76866670429786
-286.5858732230412
-290.35220358183795
-290.39827220963116
-291.1392562965782
-293.6486653932557
-292.42562747255715
-291.23124519921487
-294.9070576055268
-293.4617568935106
-297.1942281734537
-294.70475169890875
-294.7300278808505
-289.69556882131184
-293.0742280740886
-294.4155876163055
-291.3787099204936
-295.3066250139162
-299.0040791924598
-292.67176113975233
-291.38330735917964
-287.74815122269615
-287.7823982118043
-288.7549925694152
-286.17599761189956
-282.3791838532993
-284.4325593350961
-288.558197998154
-288.52241279717924
-288.4594752902629
-289.5742368703833
-289.59228575804764
-288.3326155149325
-293.3805245041783
-291.0789173355482
-290.40774101300605
-289.9806703233498
-292.6362242470773
-292.65298841209534
-295.03653074138913
-291.4241057111807
-290.12607792135
-288.8151519761499
-287.3969686695641
-288.73434103947244
-290.2612620466163
-290.47113140898745
-290.69739776372626
-289.73648734553444
-292.28009496650645
-289.8061496301839
-291.1431238060419
-288.63924217094103
-289.8689721714479
-291.0345296609514
-287.3649638590679
-288.5742538676612
-287.3082665096745
-291.07634620999
-296.2058637663082
-296.86228400857885
-298.12581899475083
-298.18912237555486
-295.79527596095045
-298.62907507373325
-298.8029398049669
-297.6707948379357
-302.4951770790799
-302.5979569384745
-303.77420445132555
-302.6236102218678
-302.6430653447151
-301.4618625769389
-299.37952775677803
-302.986124278524
-304.37621336662255
-307.0280280878989
-305.7527259378532
-310.837915843993
-311.3717103737856
-312.6943237572561
-312.9057770453492
-314.0954694287468
-312.7231450961368
-312.61972021930745
-313.96612242016835
-312.7914264036046
-315.45643869122944
-315.37270842308624
-314.0770749967593
-317.9669961297011
-316.7851389880381
-312.8935930724649
-309.298320454825
-310.5556977503189
-307.0978932948098
-310.1603137108131
-312.6149534369459
-313.9637110848303
-314.7544206742104
-315.9369078828992
-312.02370205638834
-308.26780552026776
-310.46946931934707
-307.18476292314864
-302.24533931048643
-305.6402595433812
-305.634666997246
-302.0165420550269
-304.5571406876177
-305.7491732308467
-309.4646951202339
-309.44635743526817
-310.6991239173458
-307.1071547403205
-303.3362768196759
-302.5951489424612
-302.66437616783605
-298.9397942617339
-303.8411586283872
-302.7278486264757
-302.7273334088978
-303.74923757667034
-302.36044377154906
-303.65069911730825
-306.1997219518155
-302.9298111251117
-301.6023346898039
-302.8611192132588
-302.8727251163798
-304.1386031042102
-302.91823922994223
-304.1651490040446
-297.8677946041629
-298.83447749982156
-299.5730234149515
-297.2478270011165
-294.69537963505803
-294.70029151124703
-295.90344455405227
-299.6142958035007
-305.72685675654174
-305.83009470690945
-307.1546762314385
-306.9273810810889
-305.3537092099577
-307.98013349584943
-309.30425128401856
-309.2423992893246
-305.42881044922626
-306.65578980881105
-305.3215249953835
-308.43063900497185
-308.1679458847823
-306.99875528510506
-306.9560745837695
-313.0973554886797
-311.73740792157537
-310.5095573171179
-309.11631433068203
-311.96643234446117
-314.44396181143406
-310.69602924818685
-313.14620781181725
-312.6119338197518
-315.3237640211231
-316.33735045423737
-312.74175446851996
-312.5201483157486
-309.97086936782716
-312.5599402160995
-313.8395383152497
-315.09495034492585
-317.43746687888984
-312.6887716636284
-312.5590549089357
-309.85646661869663
-312.5908058702036
-308.97077753623574
-310.26906009115066
-310.12011564857994
-307.60486397280897
-307.6887276423989
-305.28997812812537
-305.40750557294353
-301.57595568430116
-302.7254161171354
-301.11724554043167
-301.2172726414116
-301.1354979585743
-299.7203941763404
-299.40043539894646
-298.00573446209523
-297.8353128162178
-296.6667308636979
-300.39038664653685
-295.9960330459312
-294.6927466875298
-290.9889274350159
-289.47106166094994
-285.71042453985484
-285.6914254907957
-283.3621010421611
-282.38697732520313
-281.22719436208865
-286.1630759308806
-283.94982320943376
-282.5965099534122
-283.6915928433728
-283.369332366765
-280.9779431848257
-278.4546730945291
-282.435152013375
-281.2623720126857
-280.20887642227336
-283.61865941862465
-282.4038666063473
-277.1663247963402
-275.95610519567373
-271.0381247920837
-269.76913343182963
-273.5974610722437
-272.5813225920625
-273.9635593199874
-272.64425897573955
-273.7766465142987
-277.48011025692165
-274.6976952923952
-277.2220144060596
-275.9912493465945
-274.87167135700815
-277.36562181552125
-279.882383621275
-279.86401537871023
-280.12394724432085
-278.88934824574375
-281.37999574868377
-281.30361643135853
-279.9888634751939
-281.1460798185851
-277.4220654298429
-271.284632136593
-269.8916997628237
-272.5442431255337
-275.22748885775496
-275.28437036221857
-270.1141370887252
-269.74560568196347
-268.46444570867783
-269.7223575659711
-275.53884927618446
-278.14128075428
-275.0180761449968
-271.3532879254603
-276.5240723622062
-275.35548116606435
-266.83865191314356
-266.8900954621952
-264.3165464226272
-261.8128289316109
-259.5773429056981
-253.389197382107
-254.6179728905038
-252.13405817580875
-249.7068767111036
-246.85088318114325
-247.4646795392187
-249.6599931124414
-249.78055597880098
-252.22919150153055
-252.16599058888676
-253.32534803780666
-250.8681044116075
-248.5172828894086
-257.04325618284764
-259.5538956399767
-259.2557426587746
-256.5259831337725
-256.2442684390584
-256.1545015524064
-256.17081301320235
-257.41646287138997
-257.668872832493
-261.156388178065
-259.8723472381747
-262.48232735153323
-264.5487525442889
-263.5778608030079
-265.75664741256054
-267.012580365113
-265.8230985680747
-265.1577198706615
-269.11438555493044
-272.9103266914666
-271.6214799667185
-271.4490561432023
-271.556869361226
-271.6386158265857
-275.02033110065656
-280.38573538113394
-280.4819607083234
-284.3669262133416
-288.0315833065487
-288.02233540070614
-290.3243240123878
-287.8682347081065
-289.08997627220907
-287.9321546084409
-286.89091650195905
-286.1929714665118
-284.97936380537357
-286.2521401258948
-286.0739729766057
-287.30394647390455
-290.9523803197586
-291.1306237743476
-295.78729102104177
-297.17096483922023
-298.24058307129746
-300.80398345560053
-304.32137291666305
-300.6466192959274
-302.9183288009303
-300.4689411692297
-301.38780955105716
-302.6147179127786
-299.58574168015934
-300.93508518897454
-299.71245084777587
-304.16413304123364
-305.4934924814134
-305.4977261972156
-305.4625227077733
-312.54285789947
-311.31575805226953
-315.1771831083403
-311.4620194591564
-312.7579758545491
-318.92783088927104
-319.92504409136325
-322.37806528815804
-323.8544736635747
-329.85919824135783
-329.7221309048015
-327.2025631582578
-325.9172775808736
-326.0547479548231
-323.8767127040935
-325.15444542411404
-326.58862376370445
-321.99166757748867
-321.8460825986515
-324.35476821892604
-325.3682664894552
-321.3571323657127
-326.2423009415304
-328.65574169088
-329.9031226328215
-332.36391309931815
-331.06731193224834
-330.9963054886341
-329.8007327961332
-331.0418426747833
-331.11490236698484
-332.38846482442256
-333.173497404373
-332.8446865367312
-331.8500011991558
-330.6446467218949
-329.58206117379103
-330.4405315350907
-332.20098538688575
-337.0659657227199
-339.6231945835488
-337.2961699207372
-337.83849050167044
-339.2033924865416
-337.9042577396596
-339.0095803906853
-340.13575181516967
-341.4944196661844
-343.49456622273993
-340.90536128072955
-339.81948080953435
-341.9936440625231
-341.9969125449499
-338.80503725956305
-338.7791213916435
-337.7830270373753
-335.326577871391
-335.3752947295242
-337.37480225007135
-335.07544333897533
-330.12375366875625
-330.0972258530364
-325.1761795203298
-327.65411629505456
-326.44364103148155
-325.5893954375614
-321.7560807995527
-324.5414586182544
-320.75016041622604
-320.90601794730145
-321.3353595021019
-321.51602932228786
-324.1049340465215
-322.9019313901708
-325.4373958140426
-325.3201399194565
-321.5454674748872
-323.9307320360693
-323.87029055161787
-318.7903132697289
-318.81179416984344
-317.3592766730536
-313.6853968541503
-310.2983322563379
-310.24920707435905
-311.6273736261661
-312.7284819049281
-309.1287688127135
-308.89066502664383
-308.99342604669647
-308.8676608678837
-307.98523728812654
-305.42538453574196
-307.30379444832926
-307.00527832367493
-307.1310584667847
-301.5950403003361
-300.33889446737436
-300.367638121484
-299.15221600652626
-293.7525645939353
-294.24305768890804
-294.10376271714324
-296.4030132412988
-297.38066560012413
-291.23254322464845
-287.98160588028935
-289.16202290304244
-290.11853525606557
-287.9909646542287
-285.38658597811894
-284.14210394866643
-284.01324511878136
-285.19813640706553
-285.2261649485631
-285.25577526813504
-289.01674014762636
-289.1397358168229
-286.6601191571348
-286.6625010796356
-286.74800281856017
-287.99203015014666
-286.0946361500757
-288.59376304707064
-288.69904939746147
-291.60141443188456
-294.2063482074928
-296.82903657029
-300.5114248954359
-300.58343349527377
-303.14603235839246
-304.42596599570186
-305.7316773998007
-304.7898886378093
-308.3959913905648
-308.53634076010576
-310.9535542248156
-310.2148387670523
-307.24957422161816
-304.8488884673196
-304.6941726977728
-302.1981958337678
-299.526810089066
-302.1841962656988
-303.39054712028576
-299.9730766321655
-297.2015747774253
-300.8666693002113
-301.0774777721567
-306.32162941274044
-306.3493705643136
-309.191367578449
-307.8541098484971
-307.81110374253586
-313.03128457080123
-311.8151706695528
-311.84006693697245
-311.7594216949448
-311.573273204342
-310.9806451059428
-310.9558574207589
-308.52351984954987
-308.55103957310547
-308.52821331099057
-310.99560545426266
-310.9885628628255
-308.4882335029217
-310.53639026178627
-309.3070332418765
-311.01149773574275
-310.5343989022737
-310.61530181892323
-305.5611836214698
-305.6231388362475
-304.472876653059
-303.2673119228106
-305.5594632690479
-304.32474136556135
-304.32871178982265
-305.681107693676
-305.7471189569339
-306.11979155236133
-306.20370889101946
-306.16218809621034
-304.9591068169606
-303.7959571875067
-300.15770759422577
-302.6763416300825
-300.3218707944812
-296.7220782698967
-298.11563755848397
-299.3174930684577
-298.19607713643217
-296.78070573038093
-292.1378126756313
-289.44704205763907
-289.3875553710214
-288.1306204636912
-289.2670320892082
-287.95679599087026
-288.6836046698061
-289.34304754040784
-285.65677830410607
-284.55448417316217
-283.59485823864514
-286.6698838175836
-287.7614276078784
-287.87452739056704
-285.4840024794369
-281.6005044362822
-287.87935954940417
-289.133352125624
-286.71500303432293
-285.45399501006256
-286.47399093640547
-286.46466015507406
-280.05527740799386
-277.49339349555123
-277.54557623706177
-277.6041494141789
-276.4754040291898
-273.99892980016193
-272.11515196334733
-269.5815747723449
-267.0306171873081
-264.1664851770865
-261.5918008966265
-258.97236035810187
-256.52428738760875
-255.17382424011794
-252.67482848255153
-250.2509473062727
-249.94765126674997
-249.5667007377735
-247.03399126958743
-246.82125296377058
-243.0853398732339
-244.23629485330676
-246.34224621689972
-243.87258916261794
-241.44389888814996
-242.63804776308407
-242.96850268926417
-236.7108044869543
-235.49535501509447
-235.49257137037594
-235.6947315085224
-229.42675629364112
-227.19591537388078
-221.91788684953278
-223.18303246360426
-218.11417270500883
-219.25194900464513
-219.2637419962691
-211.63413099653835
-212.78499226714223
-212.79640283120582
-211.49766238813325
-209.524167306218
-209.63465232098252
-209.68586139602613
-209.65281024920733
-210.67345542562347
-206.97620937322725
-205.76060050839476
-204.46918098913943
-206.99723399429593
-208.56650213282344
-211.1268802674383
-210.64472550796657
-211.63230211883652
-209.13164886435007
-210.3603953240672
-215.0493787022342
-214.85916959364434
-217.25141461039374
-216.17656708377362
-214.95282417631813
-218.82327895063307
-219.6744153020103
-219.62321712767007
-217.05240904149665
-218.47572647355227
-219.71442118903957
-219.58979646500987
-220.6907887102136
-221.92331756840377
-219.4610899786946
-220.75938584633778
-224.23467676565136
-225.00498811747806
-222.69919211288823
-225.1626211378313
-225.22505082348863
-226.4481575740578
-226.50346587940112
-226.4927471817454
-226.47103977153841
-223.9099988706282
-226.4707063967914
-226.3947986677416
-223.9657884568808
-223.94991409398116
-226.06537177578863
-224.80199538285234
-221.72888496031942
-220.4407970630652
-217.88326552124477
-217.95069295857422
-218.0339600219074
-211.60775027610555
